control1	control2	treat1	treat2
gene_1	288	274	161	207
gene_2	789	594	145	943
gene_3	410	161	150	380
gene_4	883	854	515	627
gene_5	941	848	493	184
gene_6	47	478	617	660
gene_7	529	774	448	735
gene_8	893	296	57	496
gene_9	552	67	6	869
gene_10	457	441	223	832
gene_11	957	463	851	983
gene_12	454	342	268	667
gene_13	678	186	599	643
gene_14	573	507	609	46
gene_15	104	20	992	192
gene_16	900	774	192	34
gene_17	247	560	754	847
gene_18	43	642	243	425
gene_19	329	469	328	817
gene_20	955	280	5	153
gene_21	890	462	997	406
gene_22	693	793	439	723
gene_23	641	586	998	61
gene_24	994	395	198	331
gene_25	656	811	112	777
gene_26	709	319	251	841
gene_27	545	582	681	871
gene_28	595	456	578	953
gene_29	290	270	417	385
gene_30	148	556	729	951
gene_31	963	232	575	704
gene_32	902	544	578	423
gene_33	691	448	590	392
gene_34	796	131	224	211
gene_35	26	622	104	753
gene_36	478	548	737	446
gene_37	759	150	613	454
gene_38	217	560	951	84
gene_39	319	427	960	366
gene_40	232	448	745	895
gene_41	144	833	435	545
gene_42	415	720	176	32
gene_43	414	457	436	389
gene_44	369	522	763	114
gene_45	153	243	919	278
gene_46	140	77	907	720
gene_47	234	392	816	377
gene_48	466	14	201	635
gene_49	267	868	51	497
gene_50	858	993	479	808
gene_51	47	709	591	583
gene_52	443	827	98	173
gene_53	799	892	951	937
gene_54	123	540	164	55
gene_55	561	556	922	88
gene_56	207	277	129	842
gene_57	128	660	663	421
gene_58	754	244	784	718
gene_59	895	289	765	736
gene_60	375	716	673	987
gene_61	665	728	117	961
gene_62	96	174	851	143
gene_63	385	307	618	665
gene_64	275	371	837	34
gene_65	815	79	171	495
gene_66	449	713	11	792
gene_67	810	551	324	380
gene_68	813	137	270	948
gene_69	795	974	825	661
gene_70	440	562	934	433
gene_71	755	789	129	839
gene_72	630	849	913	805
gene_73	710	878	606	428
gene_74	2	801	401	330
gene_75	476	641	666	565
gene_76	221	629	768	861
gene_77	380	272	522	586
gene_78	613	31	395	645
gene_79	352	420	966	767
gene_80	112	356	50	693
gene_81	244	393	154	867
gene_82	668	173	697	96
gene_83	418	320	728	610
gene_84	788	414	109	242
gene_85	104	760	465	470
gene_86	435	273	642	285
gene_87	985	116	398	919
gene_88	893	30	990	400
gene_89	887	807	679	566
gene_90	176	481	316	82
gene_91	132	806	155	943
gene_92	653	80	302	736
gene_93	344	116	95	476
gene_94	657	130	28	183
gene_95	321	739	311	731
gene_96	189	757	743	615
gene_97	783	992	960	62
gene_98	95	625	416	54
gene_99	467	289	523	456
gene_100	512	201	68	182
gene_101	600	801	630	492
gene_102	333	728	354	982
gene_103	489	218	425	225
gene_104	955	744	964	713
gene_105	483	867	681	151
gene_106	890	530	719	526
gene_107	915	599	171	829
gene_108	609	938	204	128
gene_109	411	951	877	820
gene_110	148	661	838	247
gene_111	935	73	721	98
gene_112	302	827	282	165
gene_113	62	480	211	665
gene_114	948	392	495	678
gene_115	721	300	522	134
gene_116	143	245	221	980
gene_117	550	422	763	147
gene_118	954	938	25	942
gene_119	586	265	712	701
gene_120	405	569	841	568
gene_121	648	203	931	247
gene_122	321	194	662	342
gene_123	308	719	271	840
gene_124	221	314	219	922
gene_125	370	139	868	516
gene_126	984	59	26	888
gene_127	155	931	850	704
gene_128	92	569	524	424
gene_129	143	119	436	301
gene_130	690	565	931	963
gene_131	620	541	165	126
gene_132	892	820	379	681
gene_133	673	703	139	820
gene_134	737	568	151	217
gene_135	522	722	677	594
gene_136	660	753	563	163
gene_137	822	382	472	406
gene_138	786	289	811	240
gene_139	980	532	962	528
gene_140	440	260	516	671
gene_141	312	832	704	908
gene_142	410	406	182	333
gene_143	11	74	356	243
gene_144	185	954	51	311
gene_145	843	218	153	228
gene_146	232	406	100	124
gene_147	240	626	281	268
gene_148	78	629	388	924
gene_149	246	329	635	57
gene_150	732	140	707	502
gene_151	848	915	327	794
gene_152	498	600	965	838
gene_153	389	750	697	577
gene_154	247	919	162	243
gene_155	112	529	370	582
gene_156	391	373	303	138
gene_157	572	67	459	483
gene_158	218	855	823	95
gene_159	445	511	233	306
gene_160	219	211	403	677
gene_161	503	376	972	206
gene_162	355	208	125	396
gene_163	650	460	631	803
gene_164	375	242	704	229
gene_165	356	120	592	78
gene_166	534	73	997	778
gene_167	741	691	46	670
gene_168	222	288	990	512
gene_169	413	150	746	215
gene_170	266	972	437	189
gene_171	630	411	154	612
gene_172	185	402	449	40
gene_173	864	649	187	230
gene_174	747	916	427	824
gene_175	669	217	821	301
gene_176	618	548	51	17
gene_177	373	720	326	962
gene_178	530	398	843	89
gene_179	875	95	41	748
gene_180	582	635	792	836
gene_181	840	3	962	17
gene_182	313	211	661	853
gene_183	709	679	10	551
gene_184	266	866	466	340
gene_185	595	800	717	326
gene_186	482	136	29	640
gene_187	266	388	846	129
gene_188	565	789	747	312
gene_189	913	693	265	583
gene_190	902	595	746	759
gene_191	275	125	672	552
gene_192	322	556	173	688
gene_193	986	450	670	372
gene_194	620	766	930	907
gene_195	937	27	851	976
gene_196	467	196	781	766
gene_197	407	881	686	13
gene_198	660	111	592	523
gene_199	153	969	404	799
gene_200	573	386	129	208
gene_201	239	859	820	387
gene_202	962	887	717	543
gene_203	602	490	789	745
gene_204	516	718	19	334
gene_205	403	487	175	326
gene_206	880	989	599	424
gene_207	365	66	82	277
gene_208	289	159	708	626
gene_209	171	786	564	45
gene_210	173	543	284	607
gene_211	483	417	393	418
gene_212	254	999	673	45
gene_213	217	256	163	993
gene_214	675	508	109	627
gene_215	49	80	534	839
gene_216	701	814	104	398
gene_217	353	383	94	953
gene_218	410	802	640	379
gene_219	821	199	564	820
gene_220	919	946	306	8
gene_221	283	346	267	874
gene_222	961	523	633	75
gene_223	729	113	831	817
gene_224	687	886	52	586
gene_225	54	954	992	683
gene_226	396	41	23	714
gene_227	478	494	181	281
gene_228	561	227	329	674
gene_229	699	859	855	298
gene_230	916	531	185	571
gene_231	619	6	796	56
gene_232	429	278	859	348
gene_233	543	326	473	498
gene_234	59	589	649	532
gene_235	262	250	326	816
gene_236	398	44	467	511
gene_237	199	112	942	849
gene_238	832	704	246	595
gene_239	154	939	23	538
gene_240	804	312	967	627
gene_241	547	79	261	293
gene_242	663	322	654	568
gene_243	173	625	76	1000
gene_244	633	441	969	921
gene_245	313	802	919	770
gene_246	725	280	868	844
gene_247	400	571	425	922
gene_248	969	43	781	601
gene_249	967	192	301	368
gene_250	727	727	290	747
gene_251	258	827	999	485
gene_252	223	511	987	6
gene_253	593	568	481	673
gene_254	268	2	763	404
gene_255	532	145	329	953
gene_256	786	866	237	135
gene_257	169	83	618	378
gene_258	405	245	341	900
gene_259	472	982	59	804
gene_260	868	578	982	507
gene_261	926	249	688	19
gene_262	882	615	862	251
gene_263	675	33	462	307
gene_264	950	147	127	662
gene_265	517	703	681	99
gene_266	577	66	21	965
gene_267	337	622	164	867
gene_268	348	937	896	286
gene_269	21	89	154	435
gene_270	503	973	259	342
gene_271	871	27	245	349
gene_272	7	726	313	305
gene_273	73	454	222	915
gene_274	165	567	32	284
gene_275	771	873	903	868
gene_276	735	555	959	817
gene_277	972	738	943	185
gene_278	467	624	454	228
gene_279	75	312	438	666
gene_280	649	393	51	469
gene_281	759	203	360	111
gene_282	138	853	897	147
gene_283	397	607	372	318
gene_284	226	756	504	608
gene_285	59	563	528	947
gene_286	396	277	171	423
gene_287	66	736	539	927
gene_288	227	550	111	101
gene_289	56	347	614	866
gene_290	671	515	545	261
gene_291	298	816	228	285
gene_292	102	527	902	167
gene_293	73	204	199	31
gene_294	881	848	422	99
gene_295	754	371	884	121
gene_296	817	304	239	195
gene_297	982	771	292	830
gene_298	104	734	877	16
gene_299	100	839	619	386
gene_300	799	569	857	914
gene_301	785	27	478	16
gene_302	10	487	894	310
gene_303	779	543	170	429
gene_304	730	837	621	563
gene_305	631	729	723	921
gene_306	481	556	191	517
gene_307	157	74	569	740
gene_308	9	137	672	618
gene_309	453	685	919	207
gene_310	493	101	326	509
gene_311	390	205	547	62
gene_312	465	367	6	775
gene_313	714	846	371	205
gene_314	56	238	638	857
gene_315	355	705	610	514
gene_316	803	109	818	252
gene_317	836	779	119	813
gene_318	239	256	664	68
gene_319	355	548	202	27
gene_320	857	35	587	597
gene_321	854	806	695	847
gene_322	297	338	529	453
gene_323	148	916	370	503
gene_324	704	358	699	210
gene_325	105	975	474	716
gene_326	35	385	232	537
gene_327	999	489	455	50
gene_328	36	491	80	823
gene_329	339	13	258	253
gene_330	915	642	555	522
gene_331	618	513	23	328
gene_332	287	321	212	111
gene_333	738	582	637	852
gene_334	834	618	717	625
gene_335	315	439	777	848
gene_336	493	171	74	127
gene_337	698	715	100	669
gene_338	642	748	946	608
gene_339	644	844	931	946
gene_340	978	535	922	581
gene_341	415	303	650	304
gene_342	120	457	157	935
gene_343	527	385	910	845
gene_344	226	250	922	425
gene_345	487	655	170	486
gene_346	371	955	74	769
gene_347	983	292	567	253
gene_348	389	651	366	812
gene_349	230	537	461	822
gene_350	624	598	465	418
gene_351	137	26	779	916
gene_352	968	6	824	72
gene_353	516	132	283	810
gene_354	164	26	730	486
gene_355	622	93	496	306
gene_356	986	476	67	618
gene_357	669	197	39	320
gene_358	419	815	238	653
gene_359	324	245	219	916
gene_360	835	489	423	570
gene_361	145	649	550	638
gene_362	194	160	714	417
gene_363	897	837	241	797
gene_364	309	437	896	862
gene_365	364	234	483	368
gene_366	784	300	264	488
gene_367	194	160	321	896
gene_368	19	586	665	464
gene_369	407	150	728	210
gene_370	484	180	572	677
gene_371	422	340	879	734
gene_372	343	185	410	653
gene_373	867	406	206	208
gene_374	456	614	471	961
gene_375	534	686	380	8
gene_376	964	824	248	902
gene_377	775	375	925	91
gene_378	210	953	467	837
gene_379	309	20	15	555
gene_380	971	613	943	604
gene_381	585	464	375	812
gene_382	761	355	9	264
gene_383	373	883	981	41
gene_384	769	77	378	139
gene_385	538	883	986	106
gene_386	914	189	140	176
gene_387	186	216	563	961
gene_388	283	870	795	195
gene_389	96	62	195	333
gene_390	211	236	711	693
gene_391	977	993	566	694
gene_392	297	679	11	287
gene_393	726	436	258	300
gene_394	786	378	472	431
gene_395	106	462	927	383
gene_396	240	802	995	907
gene_397	271	663	211	535
gene_398	102	467	546	608
gene_399	119	54	646	505
gene_400	991	238	901	505
gene_401	986	234	733	424
gene_402	138	231	610	218
gene_403	905	63	225	320
gene_404	577	498	916	242
gene_405	396	245	803	2
gene_406	450	758	313	225
gene_407	707	548	228	969
gene_408	83	948	658	433
gene_409	340	87	736	963
gene_410	681	948	466	257
gene_411	318	723	864	136
gene_412	832	922	675	563
gene_413	216	614	162	434
gene_414	498	162	13	863
gene_415	277	184	866	916
gene_416	193	730	102	619
gene_417	951	590	313	841
gene_418	322	313	435	289
gene_419	479	773	616	899
gene_420	29	337	340	142
gene_421	548	856	580	143
gene_422	645	581	830	580
gene_423	597	416	335	995
gene_424	323	933	383	534
gene_425	891	463	606	129
gene_426	627	100	496	178
gene_427	304	466	110	775
gene_428	389	984	846	651
gene_429	161	925	446	557
gene_430	863	436	751	746
gene_431	953	870	796	344
gene_432	564	301	391	392
gene_433	330	798	16	353
gene_434	997	801	744	623
gene_435	236	388	69	162
gene_436	613	382	532	247
gene_437	109	646	124	948
gene_438	488	862	676	988
gene_439	100	657	57	536
gene_440	162	517	798	46
gene_441	284	150	663	603
gene_442	584	613	245	722
gene_443	732	43	161	583
gene_444	166	499	59	527
gene_445	867	740	16	354
gene_446	709	754	834	81
gene_447	761	64	263	129
gene_448	148	443	56	367
gene_449	359	501	349	601
gene_450	674	271	581	239
gene_451	524	599	804	19
gene_452	350	736	341	311
gene_453	241	714	136	79
gene_454	59	117	774	252
gene_455	237	576	877	142
gene_456	890	798	988	371
gene_457	812	233	655	141
gene_458	748	725	255	568
gene_459	156	838	642	543
gene_460	126	120	451	165
gene_461	975	959	198	945
gene_462	437	748	607	626
gene_463	465	811	975	66
gene_464	166	191	200	182
gene_465	585	27	435	668
gene_466	272	864	340	907
gene_467	231	919	35	816
gene_468	692	138	100	443
gene_469	284	478	420	162
gene_470	811	463	48	167
gene_471	95	700	28	479
gene_472	822	67	174	396
gene_473	428	733	379	795
gene_474	756	397	589	770
gene_475	663	462	337	400
gene_476	445	726	495	631
gene_477	628	471	753	413
gene_478	1	1000	170	366
gene_479	218	846	844	621
gene_480	705	828	321	956
gene_481	216	762	235	477
gene_482	814	113	311	621
gene_483	308	839	790	290
gene_484	688	814	255	408
gene_485	933	991	923	445
gene_486	117	49	149	284
gene_487	129	747	217	970
gene_488	679	420	626	883
gene_489	430	583	258	809
gene_490	835	831	707	709
gene_491	971	15	743	181
gene_492	71	13	263	65
gene_493	460	996	573	107
gene_494	702	766	916	848
gene_495	88	315	709	360
gene_496	993	812	845	785
gene_497	254	991	920	908
gene_498	50	202	295	634
gene_499	687	646	651	616
gene_500	787	438	143	68
gene_501	354	938	854	242
gene_502	367	988	666	411
gene_503	288	457	734	811
gene_504	81	231	315	380
gene_505	366	696	668	448
gene_506	179	557	464	571
gene_507	537	585	651	132
gene_508	504	434	786	14
gene_509	945	427	902	678
gene_510	342	597	528	835
gene_511	465	453	159	936
gene_512	83	957	270	59
gene_513	860	845	135	668
gene_514	396	224	238	386
gene_515	736	421	723	577
gene_516	173	421	627	140
gene_517	455	22	453	257
gene_518	770	381	635	314
gene_519	64	423	530	715
gene_520	815	192	331	189
gene_521	302	706	771	143
gene_522	365	15	635	575
gene_523	313	731	775	50
gene_524	38	433	180	436
gene_525	519	732	397	483
gene_526	679	15	963	465
gene_527	903	46	378	487
gene_528	27	419	78	738
gene_529	989	644	530	991
gene_530	304	221	950	841
gene_531	939	834	856	113
gene_532	688	695	550	862
gene_533	448	899	665	568
gene_534	817	415	501	684
gene_535	40	412	924	790
gene_536	739	251	93	403
gene_537	349	374	497	853
gene_538	829	233	782	190
gene_539	536	932	870	496
gene_540	275	477	902	121
gene_541	801	49	812	229
gene_542	93	774	155	906
gene_543	832	332	730	474
gene_544	278	553	760	541
gene_545	753	677	661	974
gene_546	964	278	908	972
gene_547	82	54	390	686
gene_548	855	426	957	780
gene_549	802	611	457	21
gene_550	386	976	196	729
gene_551	328	970	591	923
gene_552	206	89	156	441
gene_553	570	499	520	706
gene_554	888	396	413	817
gene_555	530	391	827	487
gene_556	587	319	564	843
gene_557	666	683	457	493
gene_558	530	285	193	19
gene_559	510	391	472	441
gene_560	17	990	233	478
gene_561	49	792	315	602
gene_562	929	313	867	444
gene_563	770	817	446	308
gene_564	202	222	434	673
gene_565	651	502	473	610
gene_566	654	168	834	974
gene_567	396	121	11	177
gene_568	812	898	310	973
gene_569	547	95	87	580
gene_570	885	865	823	738
gene_571	554	277	472	866
gene_572	906	28	533	648
gene_573	588	788	396	695
gene_574	424	359	455	996
gene_575	950	26	116	850
gene_576	709	746	32	766
gene_577	414	31	24	139
gene_578	19	434	78	96
gene_579	567	257	362	522
gene_580	491	499	762	193
gene_581	879	654	744	732
gene_582	813	85	99	495
gene_583	854	181	962	144
gene_584	369	105	144	841
gene_585	874	813	485	941
gene_586	152	628	565	279
gene_587	283	631	932	151
gene_588	667	391	820	707
gene_589	977	433	534	566
gene_590	583	349	385	91
gene_591	527	794	546	561
gene_592	62	887	797	616
gene_593	969	651	628	549
gene_594	121	593	105	394
gene_595	89	328	193	417
gene_596	881	77	842	905
gene_597	509	592	480	674
gene_598	338	179	777	955
gene_599	894	742	818	152
gene_600	33	295	298	560
gene_601	238	640	227	100
gene_602	687	126	621	624
gene_603	227	256	375	257
gene_604	319	821	886	480
gene_605	175	804	126	478
gene_606	802	47	159	831
gene_607	147	876	639	896
gene_608	823	129	187	577
gene_609	332	609	665	944
gene_610	375	470	513	293
gene_611	630	558	742	626
gene_612	98	731	337	621
gene_613	23	470	112	649
gene_614	993	989	403	236
gene_615	584	985	543	404
gene_616	782	394	741	172
gene_617	892	609	173	520
gene_618	755	346	587	585
gene_619	979	438	500	81
gene_620	45	230	936	729
gene_621	903	7	910	614
gene_622	866	25	154	671
gene_623	776	60	308	297
gene_624	377	765	699	361
gene_625	43	470	763	631
gene_626	365	851	510	960
gene_627	274	582	228	365
gene_628	851	188	167	199
gene_629	363	609	317	255
gene_630	305	893	46	486
gene_631	759	795	670	414
gene_632	845	505	747	329
gene_633	458	424	249	357
gene_634	730	655	467	684
gene_635	105	888	45	863
gene_636	221	892	99	469
gene_637	954	179	897	583
gene_638	752	258	616	499
gene_639	819	114	641	668
gene_640	418	797	462	688
gene_641	594	110	280	108
gene_642	799	829	945	113
gene_643	889	771	24	933
gene_644	386	944	178	422
gene_645	91	467	971	564
gene_646	626	940	800	956
gene_647	746	785	1000	197
gene_648	86	875	261	225
gene_649	301	395	583	622
gene_650	615	101	73	835
gene_651	753	278	802	808
gene_652	917	722	881	152
gene_653	476	357	890	84
gene_654	568	383	12	779
gene_655	737	33	242	955
gene_656	858	522	608	619
gene_657	909	122	363	438
gene_658	57	885	709	665
gene_659	503	76	43	869
gene_660	351	784	658	503
gene_661	846	854	231	529
gene_662	807	38	274	771
gene_663	118	276	733	370
gene_664	713	642	179	941
gene_665	236	785	386	34
gene_666	76	401	685	339
gene_667	936	935	416	136
gene_668	158	391	543	338
gene_669	647	425	456	484
gene_670	174	287	128	757
gene_671	21	612	32	796
gene_672	522	559	166	417
gene_673	87	41	799	31
gene_674	284	746	143	938
gene_675	421	207	75	916
gene_676	588	657	30	613
gene_677	807	523	418	919
gene_678	203	634	854	627
gene_679	460	618	331	127
gene_680	449	286	445	143
gene_681	734	225	414	682
gene_682	715	539	352	923
gene_683	831	996	928	152
gene_684	887	330	930	885
gene_685	953	324	281	451
gene_686	551	36	730	48
gene_687	523	526	218	824
gene_688	172	597	940	966
gene_689	480	742	65	808
gene_690	255	953	989	297
gene_691	41	490	211	199
gene_692	635	84	319	202
gene_693	540	261	123	350
gene_694	141	875	585	225
gene_695	284	852	659	165
gene_696	583	843	996	94
gene_697	166	947	195	633
gene_698	97	653	817	785
gene_699	429	489	620	60
gene_700	356	189	986	85
gene_701	845	713	442	5
gene_702	261	86	724	143
gene_703	24	462	77	929
gene_704	863	936	631	163
gene_705	335	845	215	989
gene_706	632	716	919	705
gene_707	547	125	812	325
gene_708	377	595	856	329
gene_709	187	990	817	777
gene_710	430	616	418	499
gene_711	631	274	978	498
gene_712	521	65	500	267
gene_713	660	73	499	930
gene_714	730	874	344	678
gene_715	487	363	68	711
gene_716	385	946	907	283
gene_717	8	559	222	581
gene_718	5	513	298	954
gene_719	995	948	659	37
gene_720	109	111	567	511
gene_721	419	819	971	861
gene_722	718	378	106	278
gene_723	743	557	544	363
gene_724	872	315	915	917
gene_725	608	83	873	81
gene_726	756	780	905	513
gene_727	847	194	779	421
gene_728	613	656	168	159
gene_729	793	436	122	450
gene_730	24	198	119	170
gene_731	417	995	433	855
gene_732	875	447	778	688
gene_733	648	32	904	122
gene_734	925	937	427	120
gene_735	173	871	810	289
gene_736	316	602	469	940
gene_737	804	300	679	932
gene_738	989	810	759	184
gene_739	323	952	684	913
gene_740	2	852	848	67
gene_741	992	128	312	878
gene_742	149	969	184	60
gene_743	50	558	94	952
gene_744	598	6	16	161
gene_745	322	137	903	581
gene_746	528	7	796	712
gene_747	796	817	79	281
gene_748	70	782	103	28
gene_749	695	931	175	711
gene_750	949	369	529	313
gene_751	278	974	736	855
gene_752	250	824	119	472
gene_753	160	788	104	992
gene_754	73	623	553	79
gene_755	558	967	291	26
gene_756	490	500	441	576
gene_757	495	894	119	608
gene_758	888	402	922	5
gene_759	38	448	733	744
gene_760	205	936	462	48
gene_761	514	684	673	479
gene_762	237	19	289	939
gene_763	576	166	664	61
gene_764	483	496	376	954
gene_765	570	427	671	771
gene_766	145	992	413	852
gene_767	147	889	712	219
gene_768	413	346	282	994
gene_769	683	706	739	694
gene_770	654	909	575	288
gene_771	916	677	25	818
gene_772	813	639	363	959
gene_773	676	150	441	901
gene_774	808	602	404	128
gene_775	129	273	545	61
gene_776	252	458	863	819
gene_777	332	223	766	860
gene_778	408	256	66	46
gene_779	636	654	118	225
gene_780	809	473	310	705
gene_781	260	162	309	100
gene_782	820	273	733	17
gene_783	16	713	142	906
gene_784	655	614	978	50
gene_785	812	133	855	874
gene_786	462	71	584	121
gene_787	204	966	900	405
gene_788	20	369	10	231
gene_789	284	678	785	776
gene_790	915	846	908	577
gene_791	934	242	112	196
gene_792	543	36	466	425
gene_793	220	596	675	441
gene_794	490	836	466	909
gene_795	801	363	875	463
gene_796	408	333	402	932
gene_797	105	645	567	390
gene_798	281	959	654	805
gene_799	362	597	286	769
gene_800	260	511	892	342
gene_801	471	156	140	938
gene_802	366	846	558	504
gene_803	122	215	254	325
gene_804	48	670	75	443
gene_805	264	618	763	487
gene_806	969	51	607	842
gene_807	489	949	334	949
gene_808	478	583	910	471
gene_809	749	861	590	372
gene_810	668	519	946	227
gene_811	50	267	902	6
gene_812	695	598	388	710
gene_813	364	796	719	697
gene_814	884	690	828	16
gene_815	776	481	914	188
gene_816	140	466	131	537
gene_817	296	619	45	160
gene_818	127	450	988	247
gene_819	590	603	390	922
gene_820	562	6	711	364
gene_821	689	995	526	993
gene_822	312	407	388	726
gene_823	606	119	719	150
gene_824	991	870	880	592
gene_825	743	541	122	849
gene_826	77	882	368	734
gene_827	452	39	790	463
gene_828	54	882	216	512
gene_829	340	723	621	557
gene_830	734	770	378	202
gene_831	5	864	604	889
gene_832	772	501	565	155
gene_833	464	926	695	585
gene_834	721	209	814	481
gene_835	667	28	454	198
gene_836	573	316	371	978
gene_837	704	660	823	320
gene_838	658	315	513	46
gene_839	290	945	742	754
gene_840	98	779	849	567
gene_841	962	340	441	11
gene_842	737	482	407	301
gene_843	613	417	851	863
gene_844	121	777	727	233
gene_845	551	486	615	59
gene_846	263	16	700	711
gene_847	898	643	748	509
gene_848	10	236	263	406
gene_849	237	747	277	425
gene_850	131	296	200	914
gene_851	327	906	943	902
gene_852	727	853	272	219
gene_853	992	463	499	575
gene_854	715	72	38	42
gene_855	505	578	802	541
gene_856	437	580	406	114
gene_857	949	994	461	758
gene_858	121	336	931	112
gene_859	76	667	390	205
gene_860	889	939	746	768
gene_861	425	575	784	423
gene_862	43	692	208	547
gene_863	648	91	57	881
gene_864	469	867	332	728
gene_865	618	502	684	753
gene_866	272	224	768	601
gene_867	158	413	653	102
gene_868	115	886	934	826
gene_869	508	496	5	739
gene_870	548	673	379	883
gene_871	142	283	644	85
gene_872	171	817	100	830
gene_873	762	247	16	276
gene_874	528	370	149	335
gene_875	861	236	746	887
gene_876	674	936	853	192
gene_877	14	416	326	13
gene_878	694	138	267	706
gene_879	892	914	244	39
gene_880	632	348	956	823
gene_881	108	853	498	904
gene_882	921	143	695	167
gene_883	676	360	915	208
gene_884	149	246	609	796
gene_885	746	47	263	893
gene_886	943	785	919	244
gene_887	421	200	712	434
gene_888	298	392	45	399
gene_889	260	324	634	666
gene_890	224	603	853	306
gene_891	566	542	120	792
gene_892	757	991	952	342
gene_893	670	255	42	258
gene_894	547	736	171	5
gene_895	812	978	24	381
gene_896	759	558	391	600
gene_897	21	393	710	340
gene_898	382	825	656	177
gene_899	52	113	487	998
gene_900	798	536	82	266
gene_901	924	444	968	551
gene_902	543	275	561	136
gene_903	853	158	717	682
gene_904	584	872	284	451
gene_905	669	562	802	367
gene_906	512	551	630	387
gene_907	763	593	909	405
gene_908	903	728	397	828
gene_909	821	639	309	916
gene_910	72	615	732	761
gene_911	5	53	695	368
gene_912	53	566	436	692
gene_913	867	588	808	509
gene_914	577	629	306	20
gene_915	315	622	915	647
gene_916	960	83	630	623
gene_917	592	79	777	334
gene_918	532	687	717	27
gene_919	385	830	664	975
gene_920	320	147	703	991
gene_921	809	784	193	78
gene_922	43	487	598	538
gene_923	364	989	767	978
gene_924	857	500	237	111
gene_925	698	563	692	363
gene_926	685	379	93	500
gene_927	349	519	737	913
gene_928	555	75	945	572
gene_929	138	539	664	24
gene_930	785	961	668	855
gene_931	887	528	421	831
gene_932	205	438	139	878
gene_933	771	33	470	810
gene_934	597	39	95	1
gene_935	958	48	754	103
gene_936	160	162	367	835
gene_937	526	470	569	222
gene_938	873	806	384	31
gene_939	870	281	204	577
gene_940	25	755	536	757
gene_941	976	522	386	874
gene_942	491	290	862	61
gene_943	390	18	94	223
gene_944	418	669	64	415
gene_945	94	68	168	412
gene_946	163	837	936	580
gene_947	406	136	443	942
gene_948	342	656	675	988
gene_949	416	838	37	131
gene_950	305	258	469	276
gene_951	561	137	47	829
gene_952	157	764	620	991
gene_953	957	213	865	674
gene_954	45	269	197	78
gene_955	373	532	283	135
gene_956	963	475	865	339
gene_957	646	374	33	253
gene_958	62	776	783	252
gene_959	411	559	456	783
gene_960	426	156	81	175
gene_961	509	989	907	599
gene_962	450	245	190	692
gene_963	624	131	746	923
gene_964	141	213	432	690
gene_965	908	381	671	274
gene_966	570	360	188	12
gene_967	549	303	882	44
gene_968	118	45	50	169
gene_969	762	935	221	853
gene_970	479	569	263	47
gene_971	782	222	767	272
gene_972	47	878	387	889
gene_973	820	468	279	548
gene_974	270	543	79	805
gene_975	284	785	501	957
gene_976	644	648	452	690
gene_977	948	146	987	402
gene_978	8	322	143	971
gene_979	352	951	834	939
gene_980	420	189	30	519
gene_981	458	751	779	137
gene_982	712	460	229	627
gene_983	920	142	135	823
gene_984	627	206	191	137
gene_985	902	676	217	598
gene_986	758	139	934	983
gene_987	139	416	989	231
gene_988	154	452	311	418
gene_989	192	623	138	101
gene_990	434	252	661	279
gene_991	88	465	585	531
gene_992	225	166	345	315
gene_993	573	858	814	601
gene_994	401	157	284	987
gene_995	566	89	846	610
gene_996	830	894	138	147
gene_997	642	301	862	705
gene_998	392	752	68	680
gene_999	710	402	436	323
gene_1000	110	449	680	424
